00000000000000000000000000000000000000000000000000000000100101100000000011000011000000000000000000000000000000001000011100000000
00000000000000000000000000000000000000000000000000000000011010010000000011000011000000000000000000000000000000000111100000000000
00000000000000000000000000000000000000000000000000000000011010010000000000111100000000000000000000000000000000000111100000000000
00000000000000000000000000000000000000000000000000000000100101100000000000111100000000000000000000000000000000000111100000000000
00000000000000000000000000000000000000000000000000000000011010010000000000111100000000000000000000000000000000000111100000000000
00000000000000000000000000000000000000000000000000000000100101100000000000111100000000000000000000000000000000001000011100000000
00000000000000000000000000000000000000000000000000000000100101100000000011000011000000000000000000000000000000001000011100000000
00000000000000000000000000000000000000000000000000000000011010010000000011000011000000000000000000000000000000001000011100000000
00000000000000000000000010010110101001010000000000000000000000000000000000000000000000000000000000000000110000110000000000000000
00000000000000000000000001101001010110100000000000000000000000000000000000000000000000000000000000000000110000110000000000000000
00000000000000000000000001101001101001010000000000000000000000000000000000000000000000000000000000000000001111000000000000000000
00000000000000000000000010010110010110100000000000000000000000000000000000000000000000000000000000000000001111000000000000000000
00000000000000000000000001101001010110100000000000000000000000000000000000000000000000000000000000000000001111000000000000000000
00000000000000000000000010010110101001010000000000000000000000000000000000000000000000000000000000000000001111000000000000000000
00000000000000000000000010010110010110100000000000000000000000000000000000000000000000000000000000000000110000110000000000000000
00000000000000000000000001101001101001010000000000000000000000000000000000000000000000000000000000000000110000110000000000000000
00000000000000001000011100000000000000000000000000000000000000000000000000000000000000001001011010100101000000000000000000000000
00000000000000000111100000000000000000000000000000000000000000000000000000000000000000000110100101011010000000000000000000000000
00000000000000000111100000000000000000000000000000000000000000000000000000000000000000000110100110100101000000000000000000000000
00000000000000000111100000000000000000000000000000000000000000000000000000000000000000001001011001011010000000000000000000000000
00000000000000000111100000000000000000000000000000000000000000000000000000000000000000000110100101011010000000000000000000000000
00000000000000001000011100000000000000000000000000000000000000000000000000000000000000001001011010100101000000000000000000000000
00000000000000001000011100000000000000000000000000000000000000000000000000000000000000001001011001011010000000000000000000000000
00000000000000001000011100000000000000000000000000000000000000000000000000000000000000000110100110100101000000000000000000000000
00000000110000110000000000000000000000000000000010000111000000001010010100000000000000000000000000000000000000000000000000000000
00000000110000110000000000000000000000000000000001111000000000000101101000000000000000000000000000000000000000000000000000000000
00000000001111000000000000000000000000000000000001111000000000001010010100000000000000000000000000000000000000000000000000000000
00000000001111000000000000000000000000000000000001111000000000000101101000000000000000000000000000000000000000000000000000000000
00000000001111000000000000000000000000000000000001111000000000000101101000000000000000000000000000000000000000000000000000000000
00000000001111000000000000000000000000000000000010000111000000001010010100000000000000000000000000000000000000000000000000000000
00000000110000110000000000000000000000000000000010000111000000000101101000000000000000000000000000000000000000000000000000000000
00000000110000110000000000000000000000000000000010000111000000001010010100000000000000000000000000000000000000000000000000000000
10100101000000000000000000000000000000000000000000000000100101100000000011000011000000000000000000000000000000000000000000000000
01011010000000000000000000000000000000000000000000000000011010010000000011000011000000000000000000000000000000000000000000000000
10100101000000000000000000000000000000000000000000000000011010010000000000111100000000000000000000000000000000000000000000000000
01011010000000000000000000000000000000000000000000000000100101100000000000111100000000000000000000000000000000000000000000000000
01011010000000000000000000000000000000000000000000000000011010010000000000111100000000000000000000000000000000000000000000000000
10100101000000000000000000000000000000000000000000000000100101100000000000111100000000000000000000000000000000000000000000000000
01011010000000000000000000000000000000000000000000000000100101100000000011000011000000000000000000000000000000000000000000000000
10100101000000000000000000000000000000000000000000000000011010010000000011000011000000000000000000000000000000000000000000000000
00000000000000000000000010010110000000000000000000000000000000000000000000000000100001110000000000000000110000110000000000000000
00000000000000000000000001101001000000000000000000000000000000000000000000000000011110000000000000000000110000110000000000000000
00000000000000000000000001101001000000000000000000000000000000000000000000000000011110000000000000000000001111000000000000000000
00000000000000000000000010010110000000000000000000000000000000000000000000000000011110000000000000000000001111000000000000000000
00000000000000000000000001101001000000000000000000000000000000000000000000000000011110000000000000000000001111000000000000000000
00000000000000000000000010010110000000000000000000000000000000000000000000000000100001110000000000000000001111000000000000000000
00000000000000000000000010010110000000000000000000000000000000000000000000000000100001110000000000000000110000110000000000000000
00000000000000000000000001101001000000000000000000000000000000000000000000000000100001110000000000000000110000110000000000000000
00000000000000001000011100000000000000001100001100000000000000000000000000000000000000000000000010100101000000000000000000000000
00000000000000000111100000000000000000001100001100000000000000000000000000000000000000000000000001011010000000000000000000000000
00000000000000000111100000000000000000000011110000000000000000000000000000000000000000000000000010100101000000000000000000000000
00000000000000000111100000000000000000000011110000000000000000000000000000000000000000000000000001011010000000000000000000000000
00000000000000000111100000000000000000000011110000000000000000000000000000000000000000000000000001011010000000000000000000000000
00000000000000001000011100000000000000000011110000000000000000000000000000000000000000000000000010100101000000000000000000000000
00000000000000001000011100000000000000001100001100000000000000000000000000000000000000000000000001011010000000000000000000000000
00000000000000001000011100000000000000001100001100000000000000000000000000000000000000000000000010100101000000000000000000000000
00000000000000000000000000000000000000000000000010000111000000001010010100000000000000000000000000000000000000000000000010010110
00000000000000000000000000000000000000000000000001111000000000000101101000000000000000000000000000000000000000000000000001101001
00000000000000000000000000000000000000000000000001111000000000001010010100000000000000000000000000000000000000000000000001101001
00000000000000000000000000000000000000000000000001111000000000000101101000000000000000000000000000000000000000000000000010010110
00000000000000000000000000000000000000000000000001111000000000000101101000000000000000000000000000000000000000000000000001101001
00000000000000000000000000000000000000000000000010000111000000001010010100000000000000000000000000000000000000000000000010010110
00000000000000000000000000000000000000000000000010000111000000000101101000000000000000000000000000000000000000000000000010010110
00000000000000000000000000000000000000000000000010000111000000001010010100000000000000000000000000000000000000000000000001101001
10100101000000000000000000000000000000000000000000000000100101100000000000000000000000000000000000000000000000001000011100000000
01011010000000000000000000000000000000000000000000000000011010010000000000000000000000000000000000000000000000000111100000000000
10100101000000000000000000000000000000000000000000000000011010010000000000000000000000000000000000000000000000000111100000000000
01011010000000000000000000000000000000000000000000000000100101100000000000000000000000000000000000000000000000000111100000000000
01011010000000000000000000000000000000000000000000000000011010010000000000000000000000000000000000000000000000000111100000000000
10100101000000000000000000000000000000000000000000000000100101100000000000000000000000000000000000000000000000001000011100000000
01011010000000000000000000000000000000000000000000000000100101100000000000000000000000000000000000000000000000001000011100000000
10100101000000000000000000000000000000000000000000000000011010010000000000000000000000000000000000000000000000001000011100000000
00000000000000000000000000000000101001010000000000000000000000000000000000000000100001110000000000000000110000110000000000000000
00000000000000000000000000000000010110100000000000000000000000000000000000000000011110000000000000000000110000110000000000000000
00000000000000000000000000000000101001010000000000000000000000000000000000000000011110000000000000000000001111000000000000000000
00000000000000000000000000000000010110100000000000000000000000000000000000000000011110000000000000000000001111000000000000000000
00000000000000000000000000000000010110100000000000000000000000000000000000000000011110000000000000000000001111000000000000000000
00000000000000000000000000000000101001010000000000000000000000000000000000000000100001110000000000000000001111000000000000000000
00000000000000000000000000000000010110100000000000000000000000000000000000000000100001110000000000000000110000110000000000000000
00000000000000000000000000000000101001010000000000000000000000000000000000000000100001110000000000000000110000110000000000000000
00000000000000001000011100000000000000001100001100000000000000000000000000000000000000001001011000000000000000000000000000000000
00000000000000000111100000000000000000001100001100000000000000000000000000000000000000000110100100000000000000000000000000000000
00000000000000000111100000000000000000000011110000000000000000000000000000000000000000000110100100000000000000000000000000000000
00000000000000000111100000000000000000000011110000000000000000000000000000000000000000001001011000000000000000000000000000000000
00000000000000000111100000000000000000000011110000000000000000000000000000000000000000000110100100000000000000000000000000000000
00000000000000001000011100000000000000000011110000000000000000000000000000000000000000001001011000000000000000000000000000000000
00000000000000001000011100000000000000001100001100000000000000000000000000000000000000001001011000000000000000000000000000000000
00000000000000001000011100000000000000001100001100000000000000000000000000000000000000000110100100000000000000000000000000000000
00000000110000110000000000000000000000000000000000000000000000001010010100000000000000000000000000000000000000000000000010010110
00000000110000110000000000000000000000000000000000000000000000000101101000000000000000000000000000000000000000000000000001101001
00000000001111000000000000000000000000000000000000000000000000001010010100000000000000000000000000000000000000000000000001101001
00000000001111000000000000000000000000000000000000000000000000000101101000000000000000000000000000000000000000000000000010010110
00000000001111000000000000000000000000000000000000000000000000000101101000000000000000000000000000000000000000000000000001101001
00000000001111000000000000000000000000000000000000000000000000001010010100000000000000000000000000000000000000000000000010010110
00000000110000110000000000000000000000000000000000000000000000000101101000000000000000000000000000000000000000000000000010010110
00000000110000110000000000000000000000000000000000000000000000001010010100000000000000000000000000000000000000000000000001101001
10100101000000000000000000000000000000000000000000000000000000000000000011000011000000000000000000000000000000001000011100000000
01011010000000000000000000000000000000000000000000000000000000000000000011000011000000000000000000000000000000000111100000000000
10100101000000000000000000000000000000000000000000000000000000000000000000111100000000000000000000000000000000000111100000000000
01011010000000000000000000000000000000000000000000000000000000000000000000111100000000000000000000000000000000000111100000000000
01011010000000000000000000000000000000000000000000000000000000000000000000111100000000000000000000000000000000000111100000000000
10100101000000000000000000000000000000000000000000000000000000000000000000111100000000000000000000000000000000001000011100000000
01011010000000000000000000000000000000000000000000000000000000000000000011000011000000000000000000000000000000001000011100000000
10100101000000000000000000000000000000000000000000000000000000000000000011000011000000000000000000000000000000001000011100000000
00000000000000000000000010010110101001010000000000000000000000000000000000000000100001110000000000000000000000000000000000000000
00000000000000000000000001101001010110100000000000000000000000000000000000000000011110000000000000000000000000000000000000000000
00000000000000000000000001101001101001010000000000000000000000000000000000000000011110000000000000000000000000000000000000000000
00000000000000000000000010010110010110100000000000000000000000000000000000000000011110000000000000000000000000000000000000000000
00000000000000000000000001101001010110100000000000000000000000000000000000000000011110000000000000000000000000000000000000000000
00000000000000000000000010010110101001010000000000000000000000000000000000000000100001110000000000000000000000000000000000000000
00000000000000000000000010010110010110100000000000000000000000000000000000000000100001110000000000000000000000000000000000000000
00000000000000000000000001101001101001010000000000000000000000000000000000000000100001110000000000000000000000000000000000000000
00000000000000000000000000000000000000001100001100000000000000000000000000000000000000001001011010100101000000000000000000000000
00000000000000000000000000000000000000001100001100000000000000000000000000000000000000000110100101011010000000000000000000000000
00000000000000000000000000000000000000000011110000000000000000000000000000000000000000000110100110100101000000000000000000000000
00000000000000000000000000000000000000000011110000000000000000000000000000000000000000001001011001011010000000000000000000000000
00000000000000000000000000000000000000000011110000000000000000000000000000000000000000000110100101011010000000000000000000000000
00000000000000000000000000000000000000000011110000000000000000000000000000000000000000001001011010100101000000000000000000000000
00000000000000000000000000000000000000001100001100000000000000000000000000000000000000001001011001011010000000000000000000000000
00000000000000000000000000000000000000001100001100000000000000000000000000000000000000000110100110100101000000000000000000000000
00000000110000110000000000000000000000000000000010000111000000000000000000000000000000000000000000000000000000000000000010010110
00000000110000110000000000000000000000000000000001111000000000000000000000000000000000000000000000000000000000000000000001101001
00000000001111000000000000000000000000000000000001111000000000000000000000000000000000000000000000000000000000000000000001101001
00000000001111000000000000000000000000000000000001111000000000000000000000000000000000000000000000000000000000000000000010010110
00000000001111000000000000000000000000000000000001111000000000000000000000000000000000000000000000000000000000000000000001101001
00000000001111000000000000000000000000000000000010000111000000000000000000000000000000000000000000000000000000000000000010010110
00000000110000110000000000000000000000000000000010000111000000000000000000000000000000000000000000000000000000000000000010010110
00000000110000110000000000000000000000000000000010000111000000000000000000000000000000000000000000000000000000000000000001101001
