0000000000000000000000000000111100001111000000000000000011110000
0000000000000000000000000000111100001111000000000000000011110000
0000000000000000000000000000111100001111000000000000000011110000
0000000000000000000000000000111100001111000000000000000011110000
0000000000001111111100000000000000000000000000000000111100000000
0000000000001111111100000000000000000000000000000000111100000000
0000000000001111111100000000000000000000000000000000111100000000
0000000000001111111100000000000000000000000000000000111100000000
0000000011110000000000000000000000000000000011111111000000000000
0000000011110000000000000000000000000000000011111111000000000000
0000000011110000000000000000000000000000000011111111000000000000
0000000011110000000000000000000000000000000011111111000000000000
0000111100000000000000001111000011110000000000000000000000000000
0000111100000000000000001111000011110000000000000000000000000000
0000111100000000000000001111000011110000000000000000000000000000
0000111100000000000000001111000011110000000000000000000000000000
1111000000000000000000000000111100001111000000000000000000000000
1111000000000000000000000000111100001111000000000000000000000000
1111000000000000000000000000111100001111000000000000000000000000
1111000000000000000000000000111100001111000000000000000000000000
0000000000001111000000000000000000000000111100000000111100000000
0000000000001111000000000000000000000000111100000000111100000000
0000000000001111000000000000000000000000111100000000111100000000
0000000000001111000000000000000000000000111100000000111100000000
0000000011110000000011110000000000000000000000001111000000000000
0000000011110000000011110000000000000000000000001111000000000000
0000000011110000000011110000000000000000000000001111000000000000
0000000011110000000011110000000000000000000000001111000000000000
0000000000000000000000001111000011110000000000000000000000001111
0000000000000000000000001111000011110000000000000000000000001111
0000000000000000000000001111000011110000000000000000000000001111
0000000000000000000000001111000011110000000000000000000000001111
1111000000000000000000000000111100000000000000000000000011110000
1111000000000000000000000000111100000000000000000000000011110000
1111000000000000000000000000111100000000000000000000000011110000
1111000000000000000000000000111100000000000000000000000011110000
0000000000000000111100000000000000000000111100000000111100000000
0000000000000000111100000000000000000000111100000000111100000000
0000000000000000111100000000000000000000111100000000111100000000
0000000000000000111100000000000000000000111100000000111100000000
0000000011110000000011110000000000000000000011110000000000000000
0000000011110000000011110000000000000000000011110000000000000000
0000000011110000000011110000000000000000000011110000000000000000
0000000011110000000011110000000000000000000011110000000000000000
0000111100000000000000000000000011110000000000000000000000001111
0000111100000000000000000000000011110000000000000000000000001111
0000111100000000000000000000000011110000000000000000000000001111
0000111100000000000000000000000011110000000000000000000000001111
1111000000000000000000000000000000001111000000000000000011110000
1111000000000000000000000000000000001111000000000000000011110000
1111000000000000000000000000000000001111000000000000000011110000
1111000000000000000000000000000000001111000000000000000011110000
0000000000001111111100000000000000000000111100000000000000000000
0000000000001111111100000000000000000000111100000000000000000000
0000000000001111111100000000000000000000111100000000000000000000
0000000000001111111100000000000000000000111100000000000000000000
0000000000000000000011110000000000000000000011111111000000000000
0000000000000000000011110000000000000000000011111111000000000000
0000000000000000000011110000000000000000000011111111000000000000
0000000000000000000011110000000000000000000011111111000000000000
0000111100000000000000001111000000000000000000000000000000001111
0000111100000000000000001111000000000000000000000000000000001111
0000111100000000000000001111000000000000000000000000000000001111
0000111100000000000000001111000000000000000000000000000000001111
