00000000000000000000000000000000000000001010010100000000000000000000000000000000101001010000000000000000000000000000000010100101
00000000000000000000000000000000000000000101101000000000000000000000000000000000010110100000000000000000000000000000000001011010
00000000000000000000000000000000000000001010010100000000000000000000000000000000101001010000000000000000000000000000000010100101
00000000000000000000000000000000000000000101101000000000000000000000000000000000010110100000000000000000000000000000000001011010
00000000000000000000000000000000000000000101101000000000000000000000000000000000010110100000000000000000000000000000000001011010
00000000000000000000000000000000000000001010010100000000000000000000000000000000101001010000000000000000000000000000000010100101
00000000000000000000000000000000000000000101101000000000000000000000000000000000010110100000000000000000000000000000000001011010
00000000000000000000000000000000000000001010010100000000000000000000000000000000101001010000000000000000000000000000000010100101
00000000000000001100001100000000000000000000000000000000000000001100001100000000000000000000000000000000110000110000000000000000
00000000000000001100001100000000000000000000000000000000000000001100001100000000000000000000000000000000110000110000000000000000
00000000000000000011110000000000000000000000000000000000000000000011110000000000000000000000000000000000001111000000000000000000
00000000000000000011110000000000000000000000000000000000000000000011110000000000000000000000000000000000001111000000000000000000
00000000000000000011110000000000000000000000000000000000000000000011110000000000000000000000000000000000001111000000000000000000
00000000000000000011110000000000000000000000000000000000000000000011110000000000000000000000000000000000001111000000000000000000
00000000000000001100001100000000000000000000000000000000000000001100001100000000000000000000000000000000110000110000000000000000
00000000000000001100001100000000000000000000000000000000000000001100001100000000000000000000000000000000110000110000000000000000
00000000100001110000000000000000100001110000000000000000000000000000000000000000000000001000011100000000000000000000000000000000
00000000011110000000000000000000011110000000000000000000000000000000000000000000000000000111100000000000000000000000000000000000
00000000011110000000000000000000011110000000000000000000000000000000000000000000000000000111100000000000000000000000000000000000
00000000011110000000000000000000011110000000000000000000000000000000000000000000000000000111100000000000000000000000000000000000
00000000011110000000000000000000011110000000000000000000000000000000000000000000000000000111100000000000000000000000000000000000
00000000100001110000000000000000100001110000000000000000000000000000000000000000000000001000011100000000000000000000000000000000
00000000100001110000000000000000100001110000000000000000000000000000000000000000000000001000011100000000000000000000000000000000
00000000100001110000000000000000100001110000000000000000000000000000000000000000000000001000011100000000000000000000000000000000
00000000000000000000000010010110000000000000000010010110000000000000000000000000000000000000000010010110000000000000000000000000
00000000000000000000000001101001000000000000000001101001000000000000000000000000000000000000000001101001000000000000000000000000
00000000000000000000000001101001000000000000000001101001000000000000000000000000000000000000000001101001000000000000000000000000
00000000000000000000000010010110000000000000000010010110000000000000000000000000000000000000000010010110000000000000000000000000
00000000000000000000000001101001000000000000000001101001000000000000000000000000000000000000000001101001000000000000000000000000
00000000000000000000000010010110000000000000000010010110000000000000000000000000000000000000000010010110000000000000000000000000
00000000000000000000000010010110000000000000000010010110000000000000000000000000000000000000000010010110000000000000000000000000
00000000000000000000000001101001000000000000000001101001000000000000000000000000000000000000000001101001000000000000000000000000
10100101000000000000000000000000000000000000000000000000000000000000000000000000101001010000000000000000000000000000000010100101
01011010000000000000000000000000000000000000000000000000000000000000000000000000010110100000000000000000000000000000000001011010
10100101000000000000000000000000000000000000000000000000000000000000000000000000101001010000000000000000000000000000000010100101
01011010000000000000000000000000000000000000000000000000000000000000000000000000010110100000000000000000000000000000000001011010
01011010000000000000000000000000000000000000000000000000000000000000000000000000010110100000000000000000000000000000000001011010
10100101000000000000000000000000000000000000000000000000000000000000000000000000101001010000000000000000000000000000000010100101
01011010000000000000000000000000000000000000000000000000000000000000000000000000010110100000000000000000000000000000000001011010
10100101000000000000000000000000000000000000000000000000000000000000000000000000101001010000000000000000000000000000000010100101
00000000000000000000000000000000000000000000000000000000110000111100001100000000000000000000000000000000110000110000000000000000
00000000000000000000000000000000000000000000000000000000110000111100001100000000000000000000000000000000110000110000000000000000
00000000000000000000000000000000000000000000000000000000001111000011110000000000000000000000000000000000001111000000000000000000
00000000000000000000000000000000000000000000000000000000001111000011110000000000000000000000000000000000001111000000000000000000
00000000000000000000000000000000000000000000000000000000001111000011110000000000000000000000000000000000001111000000000000000000
00000000000000000000000000000000000000000000000000000000001111000011110000000000000000000000000000000000001111000000000000000000
00000000000000000000000000000000000000000000000000000000110000111100001100000000000000000000000000000000110000110000000000000000
00000000000000000000000000000000000000000000000000000000110000111100001100000000000000000000000000000000110000110000000000000000
00000000100001110000000000000000100001110000000000000000000000000000000000000000000000000000000000000000000000001000011100000000
00000000011110000000000000000000011110000000000000000000000000000000000000000000000000000000000000000000000000000111100000000000
00000000011110000000000000000000011110000000000000000000000000000000000000000000000000000000000000000000000000000111100000000000
00000000011110000000000000000000011110000000000000000000000000000000000000000000000000000000000000000000000000000111100000000000
00000000011110000000000000000000011110000000000000000000000000000000000000000000000000000000000000000000000000000111100000000000
00000000100001110000000000000000100001110000000000000000000000000000000000000000000000000000000000000000000000001000011100000000
00000000100001110000000000000000100001110000000000000000000000000000000000000000000000000000000000000000000000001000011100000000
00000000100001110000000000000000100001110000000000000000000000000000000000000000000000000000000000000000000000001000011100000000
00000000000000000000000010010110000000000000000010010110000000000000000010010110000000000000000000000000000000000000000000000000
00000000000000000000000001101001000000000000000001101001000000000000000001101001000000000000000000000000000000000000000000000000
00000000000000000000000001101001000000000000000001101001000000000000000001101001000000000000000000000000000000000000000000000000
00000000000000000000000010010110000000000000000010010110000000000000000010010110000000000000000000000000000000000000000000000000
00000000000000000000000001101001000000000000000001101001000000000000000001101001000000000000000000000000000000000000000000000000
00000000000000000000000010010110000000000000000010010110000000000000000010010110000000000000000000000000000000000000000000000000
00000000000000000000000010010110000000000000000010010110000000000000000010010110000000000000000000000000000000000000000000000000
00000000000000000000000001101001000000000000000001101001000000000000000001101001000000000000000000000000000000000000000000000000
10100101000000000000000000000000000000001010010100000000000000000000000000000000101001010000000000000000000000000000000000000000
01011010000000000000000000000000000000000101101000000000000000000000000000000000010110100000000000000000000000000000000000000000
10100101000000000000000000000000000000001010010100000000000000000000000000000000101001010000000000000000000000000000000000000000
01011010000000000000000000000000000000000101101000000000000000000000000000000000010110100000000000000000000000000000000000000000
01011010000000000000000000000000000000000101101000000000000000000000000000000000010110100000000000000000000000000000000000000000
10100101000000000000000000000000000000001010010100000000000000000000000000000000101001010000000000000000000000000000000000000000
01011010000000000000000000000000000000000101101000000000000000000000000000000000010110100000000000000000000000000000000000000000
10100101000000000000000000000000000000001010010100000000000000000000000000000000101001010000000000000000000000000000000000000000
00000000000000001100001100000000000000000000000000000000110000110000000000000000000000000000000000000000110000110000000000000000
00000000000000001100001100000000000000000000000000000000110000110000000000000000000000000000000000000000110000110000000000000000
00000000000000000011110000000000000000000000000000000000001111000000000000000000000000000000000000000000001111000000000000000000
00000000000000000011110000000000000000000000000000000000001111000000000000000000000000000000000000000000001111000000000000000000
00000000000000000011110000000000000000000000000000000000001111000000000000000000000000000000000000000000001111000000000000000000
00000000000000000011110000000000000000000000000000000000001111000000000000000000000000000000000000000000001111000000000000000000
00000000000000001100001100000000000000000000000000000000110000110000000000000000000000000000000000000000110000110000000000000000
00000000000000001100001100000000000000000000000000000000110000110000000000000000000000000000000000000000110000110000000000000000
00000000000000000000000000000000100001110000000000000000000000000000000000000000000000001000011100000000000000001000011100000000
00000000000000000000000000000000011110000000000000000000000000000000000000000000000000000111100000000000000000000111100000000000
00000000000000000000000000000000011110000000000000000000000000000000000000000000000000000111100000000000000000000111100000000000
00000000000000000000000000000000011110000000000000000000000000000000000000000000000000000111100000000000000000000111100000000000
00000000000000000000000000000000011110000000000000000000000000000000000000000000000000000111100000000000000000000111100000000000
00000000000000000000000000000000100001110000000000000000000000000000000000000000000000001000011100000000000000001000011100000000
00000000000000000000000000000000100001110000000000000000000000000000000000000000000000001000011100000000000000001000011100000000
00000000000000000000000000000000100001110000000000000000000000000000000000000000000000001000011100000000000000001000011100000000
00000000000000000000000010010110000000000000000000000000000000000000000010010110000000000000000010010110000000000000000000000000
00000000000000000000000001101001000000000000000000000000000000000000000001101001000000000000000001101001000000000000000000000000
00000000000000000000000001101001000000000000000000000000000000000000000001101001000000000000000001101001000000000000000000000000
00000000000000000000000010010110000000000000000000000000000000000000000010010110000000000000000010010110000000000000000000000000
00000000000000000000000001101001000000000000000000000000000000000000000001101001000000000000000001101001000000000000000000000000
00000000000000000000000010010110000000000000000000000000000000000000000010010110000000000000000010010110000000000000000000000000
00000000000000000000000010010110000000000000000000000000000000000000000010010110000000000000000010010110000000000000000000000000
00000000000000000000000001101001000000000000000000000000000000000000000001101001000000000000000001101001000000000000000000000000
10100101000000000000000000000000000000001010010100000000000000000000000000000000000000000000000000000000000000000000000010100101
01011010000000000000000000000000000000000101101000000000000000000000000000000000000000000000000000000000000000000000000001011010
10100101000000000000000000000000000000001010010100000000000000000000000000000000000000000000000000000000000000000000000010100101
01011010000000000000000000000000000000000101101000000000000000000000000000000000000000000000000000000000000000000000000001011010
01011010000000000000000000000000000000000101101000000000000000000000000000000000000000000000000000000000000000000000000001011010
10100101000000000000000000000000000000001010010100000000000000000000000000000000000000000000000000000000000000000000000010100101
01011010000000000000000000000000000000000101101000000000000000000000000000000000000000000000000000000000000000000000000001011010
10100101000000000000000000000000000000001010010100000000000000000000000000000000000000000000000000000000000000000000000010100101
00000000000000001100001100000000000000000000000000000000110000111100001100000000000000000000000000000000000000000000000000000000
00000000000000001100001100000000000000000000000000000000110000111100001100000000000000000000000000000000000000000000000000000000
00000000000000000011110000000000000000000000000000000000001111000011110000000000000000000000000000000000000000000000000000000000
00000000000000000011110000000000000000000000000000000000001111000011110000000000000000000000000000000000000000000000000000000000
00000000000000000011110000000000000000000000000000000000001111000011110000000000000000000000000000000000000000000000000000000000
00000000000000000011110000000000000000000000000000000000001111000011110000000000000000000000000000000000000000000000000000000000
00000000000000001100001100000000000000000000000000000000110000111100001100000000000000000000000000000000000000000000000000000000
00000000000000001100001100000000000000000000000000000000110000111100001100000000000000000000000000000000000000000000000000000000
00000000100001110000000000000000000000000000000000000000000000000000000000000000000000001000011100000000000000001000011100000000
00000000011110000000000000000000000000000000000000000000000000000000000000000000000000000111100000000000000000000111100000000000
00000000011110000000000000000000000000000000000000000000000000000000000000000000000000000111100000000000000000000111100000000000
00000000011110000000000000000000000000000000000000000000000000000000000000000000000000000111100000000000000000000111100000000000
00000000011110000000000000000000000000000000000000000000000000000000000000000000000000000111100000000000000000000111100000000000
00000000100001110000000000000000000000000000000000000000000000000000000000000000000000001000011100000000000000001000011100000000
00000000100001110000000000000000000000000000000000000000000000000000000000000000000000001000011100000000000000001000011100000000
00000000100001110000000000000000000000000000000000000000000000000000000000000000000000001000011100000000000000001000011100000000
00000000000000000000000000000000000000000000000010010110000000000000000010010110000000000000000010010110000000000000000000000000
00000000000000000000000000000000000000000000000001101001000000000000000001101001000000000000000001101001000000000000000000000000
00000000000000000000000000000000000000000000000001101001000000000000000001101001000000000000000001101001000000000000000000000000
00000000000000000000000000000000000000000000000010010110000000000000000010010110000000000000000010010110000000000000000000000000
00000000000000000000000000000000000000000000000001101001000000000000000001101001000000000000000001101001000000000000000000000000
00000000000000000000000000000000000000000000000010010110000000000000000010010110000000000000000010010110000000000000000000000000
00000000000000000000000000000000000000000000000010010110000000000000000010010110000000000000000010010110000000000000000000000000
00000000000000000000000000000000000000000000000001101001000000000000000001101001000000000000000001101001000000000000000000000000
