00000000000000001000000000000000
00000000000000000100000000000000
00000000000000000010000000000000
00000000000000000001000000000000
00000000000000000000100000000000
00000000000000000000010000000000
00000000000000000000001000000000
00000000000000000000000100000000
00000000000000000000000010000000
00000000000000000000000001000000
00000000000000000000000000100000
00000000000000000000000000010000
00000000000000000000000000001000
00000000000000000000000000000100
00000000000000000000000000000010
00000000000000000000000000000001
10000000000000000000000010000011
01000000000000001000000001000001
00100000000000001100000000100000
00010000000000000110000000010000
00001000000000000011000000001000
00000100000000000001100000000100
00000010000000000000110000000010
00000001000000000000011000000001
00000000100000001000001100000000
00000000010000000100000110000000
00000000001000000010000011000000
00000000000100000001000001100000
00000000000010000000100000110000
00000000000001000000010000011000
00000000000000100000001000001100
00000000000000010000000100000110
