0000000000000000000000000000000011110111111101111111011111100111
0000000000000000000000000000000011110111111101111111011111100111
0000000000000000000000000000000011110111111101111111011111100111
0000000000000000000000000000000011110111111101111111011111100111
0000000000000000000000000000000001111111011111110111111101111111
0000000000000000000000000000000001111111011111110111111101111111
0000000000000000000000000000000001111111011111110111111101111111
0000000000000000000000000000000001111111011111110111111101111111
1110011111110111111101111111011100000000000000000000000000000000
1110011111110111111101111111011100000000000000000000000000000000
1110011111110111111101111111011100000000000000000000000000000000
1110011111110111111101111111011100000000000000000000000000000000
0111111101111111011111110111111100000000000000000000000000000000
0111111101111111011111110111111100000000000000000000000000000000
0111111101111111011111110111111100000000000000000000000000000000
0111111101111111011111110111111100000000000000000000000000000000
1111011111100111111101111111011100000000000000000000000000000000
1111011111100111111101111111011100000000000000000000000000000000
1111011111100111111101111111011100000000000000000000000000000000
1111011111100111111101111111011100000000000000000000000000000000
0111111101111111011111110111111100000000000000000000000000000000
0111111101111111011111110111111100000000000000000000000000000000
0111111101111111011111110111111100000000000000000000000000000000
0111111101111111011111110111111100000000000000000000000000000000
1111011111110111111001111111011100000000000000000000000000000000
1111011111110111111001111111011100000000000000000000000000000000
1111011111110111111001111111011100000000000000000000000000000000
1111011111110111111001111111011100000000000000000000000000000000
0111111101111111011111110111111100000000000000000000000000000000
0111111101111111011111110111111100000000000000000000000000000000
0111111101111111011111110111111100000000000000000000000000000000
0111111101111111011111110111111100000000000000000000000000000000
1111011111110111111101111110011100000000000000000000000000000000
1111011111110111111101111110011100000000000000000000000000000000
1111011111110111111101111110011100000000000000000000000000000000
1111011111110111111101111110011100000000000000000000000000000000
0111111101111111011111110111111100000000000000000000000000000000
0111111101111111011111110111111100000000000000000000000000000000
0111111101111111011111110111111100000000000000000000000000000000
0111111101111111011111110111111100000000000000000000000000000000
0000000000000000000000000000000011100111111101111111011111110111
0000000000000000000000000000000011100111111101111111011111110111
0000000000000000000000000000000011100111111101111111011111110111
0000000000000000000000000000000011100111111101111111011111110111
0000000000000000000000000000000001111111011111110111111101111111
0000000000000000000000000000000001111111011111110111111101111111
0000000000000000000000000000000001111111011111110111111101111111
0000000000000000000000000000000001111111011111110111111101111111
0000000000000000000000000000000011110111111001111111011111110111
0000000000000000000000000000000011110111111001111111011111110111
0000000000000000000000000000000011110111111001111111011111110111
0000000000000000000000000000000011110111111001111111011111110111
0000000000000000000000000000000001111111011111110111111101111111
0000000000000000000000000000000001111111011111110111111101111111
0000000000000000000000000000000001111111011111110111111101111111
0000000000000000000000000000000001111111011111110111111101111111
0000000000000000000000000000000011110111111101111110011111110111
0000000000000000000000000000000011110111111101111110011111110111
0000000000000000000000000000000011110111111101111110011111110111
0000000000000000000000000000000011110111111101111110011111110111
0000000000000000000000000000000001111111011111110111111101111111
0000000000000000000000000000000001111111011111110111111101111111
0000000000000000000000000000000001111111011111110111111101111111
0000000000000000000000000000000001111111011111110111111101111111
